156 ; 3168,82893571545
673 ; 3813,28821424297
217 ; 7132,12256350172
200 ; 9041,80273174515
924 ; 9402,30109573042
573 ; 10279,2094192757
709 ; 11715,3592040633
264 ; 16254,5734855788
676 ; 17353,8315712827
500 ; 17962,6198800843
968 ; 21805,5444722397
913 ; 28456,335730203
775 ; 28938,2254892274
343 ; 31570,5470745176
109 ; 33509,1552211997
293 ; 34339,2549543228
446 ; 36921,6011495204
830 ; 47492,870299483
594 ; 56950,9749344226
825 ; 60105,5409030039
911 ; 69776,9248101612
828 ; 71834,5256798437
795 ; 71835,4612049534
527 ; 73340,5118324396
599 ; 74982,283079319
5 ; 84821,0516990303
283 ; 86895,9379594759
766 ; 93175,1680513928
625 ; 99653,247444658
910 ; 102105,690386181
202 ; 103951,766381691
812 ; 108709,393657972
329 ; 110555,591424336
663 ; 113999,105327227
540 ; 118722,932108315
557 ; 120296,857143455
956 ; 120587,213148016
893 ; 122150,519560119
544 ; 126342,940268176
29 ; 136744,583788609
504 ; 141713,813661891
678 ; 144943,824984933
92 ; 151900,247345451
548 ; 152342,737918438
972 ; 155081,589645243
631 ; 158140,826601837
941 ; 159566,159450281
810 ; 160968,32731881
553 ; 166798,56956586
733 ; 184511,776440547
27 ; 191104,141360462
520 ; 193626,292955578
834 ; 203845,932507331
824 ; 217454,793240183
425 ; 225992,966481783
43 ; 231373,793495517
228 ; 231971,743872267
93 ; 233005,37668313
807 ; 238007,687028431
771 ; 243135,791888937
780 ; 243299,034190978
482 ; 243730,163609878
533 ; 245322,52844137
519 ; 250771,595848717
660 ; 253731,081229501
539 ; 257749,479665582
56 ; 274952,476712985
755 ; 290352,218029916
110 ; 294380,285123167
920 ; 315474,453066032
652 ; 319011,113046744
235 ; 323294,416497964
150 ; 324582,776232596
253 ; 332877,875622553
786 ; 334594,551917781
908 ; 335550,152989782
654 ; 346683,377065543
207 ; 348829,842705793
188 ; 351685,373192996
816 ; 353433,46991593
199 ; 362062,005828546
576 ; 372756,556395418
326 ; 376164,307831252
489 ; 376450,690093661
572 ; 381900,3638247
621 ; 397927,630594049
10 ; 399807,35711281
722 ; 401558,258212279
896 ; 404621,48904644
926 ; 412402,381983069
801 ; 413744,693466811
49 ; 414264,44254633
697 ; 417548,084360465
885 ; 419852,458779249
376 ; 421040,073513684
229 ; 424495,77671001
71 ; 438290,931070797
378 ; 447394,039877058
59 ; 450180,118864078
710 ; 451267,746577554
466 ; 462327,228998948
603 ; 466553,881603834
767 ; 470498,78978555
595 ; 474128,802063413
879 ; 477713,404066365
296 ; 487721,247675557
862 ; 490712,66076561
407 ; 496345,822754378
160 ; 497363,739057023
601 ; 499395,101072921
912 ; 503608,050369024
233 ; 509265,868350156
549 ; 509792,415315417
271 ; 510718,36717964
632 ; 518447,500633412
529 ; 532730,071205052
633 ; 537527,228851207
936 ; 537771,554011895
497 ; 542952,3220645
86 ; 560189,372677341
881 ; 565809,267460658
460 ; 568329,901326015
240 ; 570987,778181144
182 ; 572209,52532817
455 ; 574982,076897332
400 ; 575597,991438624
396 ; 579639,017513215
596 ; 580663,172394004
562 ; 586964,298072388
964 ; 593074,46589678
600 ; 598440,734557394
925 ; 608376,248174742
511 ; 617970,662149645
696 ; 618925,903877903
614 ; 621573,37897066
357 ; 627489,591742713
248 ; 632894,338316528
980 ; 634739,844972514
221 ; 637423,784087144
588 ; 643931,640009037
479 ; 653661,935852204
871 ; 676027,576244409
914 ; 677179,860749308
483 ; 679344,24833143
219 ; 680389,459883387
687 ; 692710,695940545
472 ; 699547,241969331
563 ; 704053,678542756
124 ; 706369,929013536
732 ; 714256,277051049
232 ; 715444,80981395
317 ; 726716,87886892
151 ; 727883,091789888
362 ; 738301,846028825
501 ; 738693,697922695
518 ; 740704,007699971
447 ; 743479,968746343
122 ; 746719,259405107
490 ; 752600,92826649
103 ; 760048,132885992
512 ; 779404,583555814
13 ; 782439,392537929
480 ; 798780,78938204
252 ; 804547,152508631
390 ; 806062,404811539
611 ; 807742,397924476
358 ; 809606,430969633
843 ; 809955,330099087
236 ; 821510,911206241
945 ; 826580,873513221
712 ; 833617,012478505
778 ; 836769,394060526
906 ; 840106,539691482
648 ; 840912,581884285
169 ; 858362,733293279
487 ; 859260,608153342
752 ; 862543,042340801
727 ; 863581,223597318
363 ; 877512,836891718
270 ; 882880,393351314
115 ; 883954,48570437
404 ; 891589,839089788
210 ; 892747,592536397
569 ; 902827,958303207
324 ; 909031,703264
705 ; 914745,027401641
341 ; 919589,161095659
464 ; 920326,165845662
900 ; 927798,704036512
191 ; 937766,148095627
930 ; 944615,447650007
101 ; 968763,079965473
408 ; 970119,834108231
949 ; 979361,621864684
314 ; 991340,685351595
720 ; 992755,632518229
837 ; 998889,315999059
952 ; 1002673,49405297
987 ; 1006058,07221893
854 ; 1008231,98135855
852 ; 1012513,61700468
981 ; 1028484,48562215
203 ; 1040596,93096048
593 ; 1044769,06075833
14 ; 1047561,41060558
558 ; 1047686,32143392
117 ; 1048197,36961573
962 ; 1049594,95537441
418 ; 1049791,21234518
589 ; 1052841,90738657
683 ; 1056916,36802704
974 ; 1062173,84387042
494 ; 1062243,97448687
701 ; 1065214,39492767
308 ; 1069865,68290498
882 ; 1083135,94618227
303 ; 1084660,19616052
718 ; 1096849,92186224
297 ; 1097702,5872377
770 ; 1111930,4360133
736 ; 1114360,36435562
839 ; 1114882,08357448
636 ; 1123526,45075755
626 ; 1124434,15596937
515 ; 1124994,8209725
46 ; 1137128,8584513
671 ; 1147223,92456161
638 ; 1150940,08964826
734 ; 1151525,19275862
137 ; 1152394,97108183
985 ; 1156223,10217232
258 ; 1171075,72693295
263 ; 1174867,52590382
532 ; 1183099,82383123
431 ; 1210676,69531814
693 ; 1213543,70265821
226 ; 1217965,4330192
608 ; 1222558,47937679
15 ; 1240093,34426187
728 ; 1244347,03877041
776 ; 1245157,75150508
493 ; 1256911,54534761
845 ; 1258932,94585518
73 ; 1259764,78566891
346 ; 1261786,28612825
190 ; 1262257,48503537
211 ; 1274666,92652895
36 ; 1278679,63824097
416 ; 1283753,7299191
946 ; 1290543,11783072
857 ; 1293306,2251869
147 ; 1295574,72926603
247 ; 1302836,2873378
960 ; 1316891,65197967
486 ; 1322220,64348641
691 ; 1322237,23128575
475 ; 1341613,16280665
89 ; 1345226,54974644
255 ; 1351581,97826895
639 ; 1352169,71063104
242 ; 1354652,70374314
870 ; 1356891,30710453
698 ; 1362727,85392028
658 ; 1369663,01341879
295 ; 1373298,1180086
281 ; 1381217,11437812
707 ; 1385398,61792397
950 ; 1391033,18806189
861 ; 1395785,8796875
91 ; 1396312,34591368
695 ; 1400639,40646145
610 ; 1403129,49972503
145 ; 1420741,21050002
47 ; 1421136,39253502
51 ; 1422252,19756615
225 ; 1423780,77610083
802 ; 1425261,00317357
149 ; 1429252,0005129
514 ; 1429443,37140054
485 ; 1429960,73202385
414 ; 1430056,28170322
412 ; 1439986,42571072
335 ; 1440466,61704782
403 ; 1442023,62897977
523 ; 1443022,29691392
994 ; 1444289,17975548
836 ; 1449363,51868742
606 ; 1450440,44601006
891 ; 1456256,67356147
649 ; 1456699,68702921
781 ; 1462342,26293858
237 ; 1466014,72330921
19 ; 1466969,38375043
745 ; 1469996,41301649
799 ; 1471518,44531745
875 ; 1474920,8491267
454 ; 1476210,56023259
484 ; 1477077,09631129
339 ; 1478028,02556499
41 ; 1488201,15316923
586 ; 1495911,59091231
465 ; 1502735,62785608
694 ; 1504866,73283993
933 ; 1506511,5198087
927 ; 1512489,63740544
227 ; 1515013,57110235
886 ; 1515051,49337792
528 ; 1515315,18442618
457 ; 1516317,8500266
315 ; 1517796,42553256
793 ; 1526846,52802228
429 ; 1532255,06518027
231 ; 1537528,45722632
760 ; 1541810,87504756
48 ; 1561507,37730842
365 ; 1566989,85735854
868 ; 1580232,41978095
598 ; 1584273,11223495
397 ; 1589800,06847656
266 ; 1597575,94913462
966 ; 1599663,83373028
118 ; 1606080,80815329
574 ; 1607930,746481
449 ; 1608910,90271198
152 ; 1610080,81476988
398 ; 1618253,73114036
66 ; 1621053,36596304
552 ; 1629706,89022148
312 ; 1636757,49710597
82 ; 1647839,05455807
126 ; 1651923,24391457
81 ; 1653169,52193187
340 ; 1653947,67513374
12 ; 1654481,88676829
991 ; 1655407,26300892
389 ; 1657056,99529846
890 ; 1659465,49742521
499 ; 1663465,29829095
513 ; 1664838,99434924
961 ; 1666203,45913795
30 ; 1670638,19632845
679 ; 1674846,41604757
380 ; 1693574,14402409
777 ; 1695328,06817726
832 ; 1710903,49580293
983 ; 1727505,59998495
107 ; 1727945,86735717
470 ; 1739625,17464212
929 ; 1742933,82191237
383 ; 1748085,88583013
32 ; 1758178,65982747
724 ; 1758970,45059907
717 ; 1763811,07174782
826 ; 1763843,08017134
80 ; 1766501,66387101
491 ; 1776250,38454692
176 ; 1777253,31074535
163 ; 1788372,92880022
977 ; 1791766,07979815
847 ; 1796296,32508593
154 ; 1797790,32402379
984 ; 1798484,4371306
184 ; 1809066,58038409
392 ; 1811170,71080591
419 ; 1814410,15568688
394 ; 1816497,31699209
359 ; 1820014,64613102
139 ; 1834800,12383115
282 ; 1849233,31377316
517 ; 1862881,34594955
976 ; 1866940,09054089
804 ; 1873926,42267388
291 ; 1874536,56687027
119 ; 1875377,69659627
100 ; 1877752,28760362
758 ; 1879639,53096367
923 ; 1891696,35076332
427 ; 1895420,93619514
433 ; 1909794,60431711
723 ; 1912155,0562012
711 ; 1930724,94791137
759 ; 1931034,95663845
16 ; 1933239,37030003
250 ; 1938535,03895705
205 ; 1959616,50333021
921 ; 1961332,821242
374 ; 1962595,95243815
481 ; 1964219,77493543
999 ; 1964291,79061386
94 ; 1966271,31532224
330 ; 1967034,87462349
450 ; 1968228,05903779
764 ; 1970070,9426162
461 ; 1986612,51021495
381 ; 1994058,74583927
7 ; 1999748,27752405
241 ; 2003876,8919624
40 ; 2009419,96027537
592 ; 2015498,91850147
187 ; 2044482,702722
715 ; 2044773,65270577
334 ; 2047226,48241124
224 ; 2049616,35278123
915 ; 2053733,47846094
196 ; 2054221,38766956
840 ; 2062078,09223571
108 ; 2069534,63199368
559 ; 2082824,71092058
95 ; 2083426,27096996
313 ; 2087625,04701504
792 ; 2088631,91349456
634 ; 2101005,09168992
321 ; 2102386,16514666
944 ; 2105452,69185109
869 ; 2106616,73207052
731 ; 2110965,4380543
323 ; 2115237,76874322
385 ; 2118618,0133384
6 ; 2133129,05555888
57 ; 2146956,41467682
106 ; 2150195,94705256
368 ; 2152713,20986972
700 ; 2157101,22813347
551 ; 2162300,09335748
441 ; 2164313,16669291
495 ; 2177898,36540803
0 ; 2178871,92517639
971 ; 2183118,63510615
565 ; 2184977,41550477
328 ; 2187087,11225494
2 ; 2188973,01009138
681 ; 2197193,93114049
261 ; 2205187,24157166
996 ; 2211652,80122423
345 ; 2213564,75357003
69 ; 2235169,67846872
458 ; 2240728,23606466
823 ; 2241793,74652369
244 ; 2248232,17046237
615 ; 2252701,64813929
372 ; 2257544,54731365
130 ; 2260059,02973856
360 ; 2262709,27403843
333 ; 2267238,64712937
174 ; 2270564,79480246
24 ; 2270569,22387123
668 ; 2278974,27332229
18 ; 2282414,41414564
995 ; 2282663,36762313
591 ; 2299756,1674346
366 ; 2299949,63890433
180 ; 2302437,71307857
463 ; 2303259,00115442
379 ; 2306702,62193928
17 ; 2328981,32771009
880 ; 2332134,66113714
581 ; 2341473,2436123
37 ; 2342403,84784034
855 ; 2343565,14294036
192 ; 2345619,34361071
817 ; 2353327,16578978
616 ; 2353815,85687909
439 ; 2361659,53518201
58 ; 2362293,53220601
245 ; 2364299,89720223
220 ; 2369894,55454977
336 ; 2372606,92589629
864 ; 2373490,2699876
153 ; 2375686,21547139
629 ; 2377998,00060387
260 ; 2379428,25238403
135 ; 2386782,7797785
167 ; 2396425,79108317
185 ; 2397695,746995
405 ; 2401606,90851759
979 ; 2404917,98195602
510 ; 2407915,50402866
706 ; 2408897,32806926
353 ; 2409676,5942948
272 ; 2416488,5176891
476 ; 2417956,7885084
75 ; 2420776,08932318
672 ; 2424824,87218165
96 ; 2429950,49812915
856 ; 2430488,16100548
68 ; 2430987,48968096
657 ; 2434478,8556925
307 ; 2438198,79460668
590 ; 2441406,87867883
522 ; 2441603,5158001
310 ; 2446598,46738449
932 ; 2450818,85609344
998 ; 2452300,59161981
87 ; 2458794,28820016
637 ; 2467576,63569595
142 ; 2470199,97677873
78 ; 2476313,94776715
171 ; 2481761,14216247
922 ; 2484116,65382786
905 ; 2491917,19386689
536 ; 2501348,53117462
917 ; 2502398,93197587
963 ; 2505952,70227639
690 ; 2520598,5488887
888 ; 2523055,25591969
602 ; 2527629,79350011
105 ; 2529034,09092936
175 ; 2534502,19112139
643 ; 2534503,02500916
521 ; 2545484,2689604
597 ; 2548615,81938899
785 ; 2567293,50549824
895 ; 2581021,71361867
667 ; 2583645,9704883
428 ; 2597972,66631843
662 ; 2598617,30615661
409 ; 2599626,73270911
459 ; 2601586,91498731
3 ; 2619565,91338526
327 ; 2620068,91007702
575 ; 2624363,11544188
550 ; 2634319,61335939
388 ; 2652314,5838616
702 ; 2652773,95023404
704 ; 2652784,94592753
750 ; 2676714,72681392
198 ; 2686258,43536444
302 ; 2686593,88630241
382 ; 2688105,35660706
65 ; 2688717,61989958
420 ; 2693794,26938786
897 ; 2696724,79484822
249 ; 2705362,94022456
52 ; 2706912,05775408
277 ; 2713281,47462637
803 ; 2728235,18522863
531 ; 2728592,56982491
628 ; 2733282,34156255
344 ; 2736547,36951919
186 ; 2737023,50605674
123 ; 2761668,02369436
934 ; 2762556,99737814
543 ; 2768889,98635741
904 ; 2773311,03954583
120 ; 2774227,4570233
567 ; 2789151,24847443
789 ; 2790306,10721762
729 ; 2792892,97917604
274 ; 2794487,29188865
508 ; 2835598,32918682
587 ; 2836073,81185156
138 ; 2847240,76300292
332 ; 2851180,76361411
20 ; 2853377,72673139
664 ; 2863940,47805551
721 ; 2874739,48006959
682 ; 2874878,73892149
437 ; 2877369,46406604
269 ; 2877674,89932376
805 ; 2882663,50787884
604 ; 2884401,68648119
821 ; 2885613,3544278
28 ; 2889358,38843219
883 ; 2895346,13685531
919 ; 2901162,73366852
440 ; 2914635,24604212
916 ; 2928348,69834135
453 ; 2930091,25572571
754 ; 2946697,62860202
125 ; 2954097,88675086
432 ; 2958782,35307031
206 ; 2960402,82764291
571 ; 2972987,71891789
215 ; 2978337,54315666
947 ; 2984134,78449839
301 ; 2987169,66039132
669 ; 2990235,71119531
541 ; 2991462,80937034
877 ; 2993560,56089505
280 ; 2996327,81177622
262 ; 3011711,17205415
818 ; 3020508,23744988
677 ; 3026974,90369755
580 ; 3029619,34269649
116 ; 3039858,35853256
64 ; 3044737,53866955
555 ; 3050041,82996819
99 ; 3051492,88132849
607 ; 3073075,0396872
796 ; 3075931,73132128
114 ; 3077849,38129192
426 ; 3080359,87170265
655 ; 3080956,95097664
851 ; 3093770,26960681
25 ; 3113723,85146482
148 ; 3113790,93582621
784 ; 3126651,76482599
939 ; 3129493,3689583
159 ; 3129754,20709017
524 ; 3131905,71980128
435 ; 3132883,03875055
992 ; 3134471,47504228
309 ; 3140084,81033148
863 ; 3159642,95778723
584 ; 3162920,40805578
969 ; 3163340,16525464
624 ; 3163429,98135263
189 ; 3175861,58847344
800 ; 3185027,79718869
554 ; 3197123,05408485
257 ; 3206443,94465968
899 ; 3209672,9177131
133 ; 3214848,85430471
918 ; 3222119,8216695
815 ; 3223880,06446163
325 ; 3227323,46793552
772 ; 3233906,32074594
193 ; 3235391,8648065
787 ; 3244405,94302563
44 ; 3252036,2293468
617 ; 3258789,76439288
136 ; 3264892,47151269
212 ; 3266590,64278066
166 ; 3270496,30617905
990 ; 3284305,46558585
134 ; 3290052,08726115
542 ; 3298487,17204517
155 ; 3299631,85187453
689 ; 3305908,68876053
866 ; 3306610,01492315
833 ; 3309106,20801577
488 ; 3310266,42768303
55 ; 3314024,75429495
935 ; 3328583,92474161
311 ; 3347797,56743949
268 ; 3350405,66341049
286 ; 3352014,11218571
194 ; 3358152,42573313
421 ; 3359972,01063416
393 ; 3366341,67180848
181 ; 3379732,85174711
243 ; 3385021,09502609
659 ; 3392696,55848334
740 ; 3393545,1317687
367 ; 3400181,43938204
684 ; 3422330,80803469
872 ; 3424055,33293426
860 ; 3427474,77778386
741 ; 3428393,09490144
411 ; 3440374,56391019
259 ; 3449545,17438214
238 ; 3452253,5438601
537 ; 3452322,94507342
234 ; 3464386,28461448
361 ; 3464926,73243929
903 ; 3479643,69759332
829 ; 3483886,30910925
630 ; 3500550,94799269
986 ; 3504763,45535389
275 ; 3507386,14326751
451 ; 3508705,85028736
121 ; 3509568,69236737
158 ; 3509736,55637176
765 ; 3511224,60132124
83 ; 3512939,64049561
386 ; 3514497,74527882
31 ; 3527333,39342159
4 ; 3542956,57282041
444 ; 3543279,28980388
292 ; 3550724,89347436
997 ; 3563293,50007943
76 ; 3564513,75622676
703 ; 3576188,14314162
161 ; 3577996,27178416
442 ; 3583285,44149678
725 ; 3594592,56770229
884 ; 3597407,96391311
835 ; 3600249,3465011
316 ; 3622130,28347825
931 ; 3649223,56053944
928 ; 3650506,75600529
45 ; 3650843,6292495
478 ; 3658426,46676899
953 ; 3661972,90889315
355 ; 3668925,96809496
371 ; 3678658,01144579
844 ; 3679654,30565775
901 ; 3681914,04717117
208 ; 3694027,25438757
516 ; 3697555,93178904
11 ; 3711003,65547628
111 ; 3715111,26018621
331 ; 3733104,23670049
967 ; 3749317,621947
54 ; 3750091,08501668
471 ; 3771343,31039242
503 ; 3771599,74782665
254 ; 3775382,12943072
943 ; 3775573,05724129
948 ; 3781896,48033901
937 ; 3784973,35072166
22 ; 3809839,55276194
640 ; 3810509,418486
468 ; 3815928,92323301
959 ; 3820286,34367223
790 ; 3832473,89223213
907 ; 3833175,13005581
848 ; 3837160,85896128
422 ; 3846058,35516905
878 ; 3850808,73042041
294 ; 3857549,47792584
726 ; 3868169,73787971
256 ; 3893774,95557608
53 ; 3893915,49680979
146 ; 3922269,94215701
954 ; 3923102,72624077
892 ; 3924441,03322096
627 ; 3939558,6771285
319 ; 3939771,99694027
530 ; 3959393,05219548
674 ; 3977032,8698726
413 ; 3977570,20437262
23 ; 3987393,04784358
940 ; 3992960,16796441
84 ; 4000011,90166171
90 ; 4001244,92987346
746 ; 4007889,59867257
349 ; 4014779,61878234
88 ; 4015831,28990542
737 ; 4021433,8865638
730 ; 4047103,14237863
370 ; 4061681,55665563
67 ; 4071037,65470941
546 ; 4076352,93749961
570 ; 4083247,01468758
841 ; 4090414,22184833
556 ; 4101700,97690133
988 ; 4102959,76372236
387 ; 4105875,88180746
644 ; 4106249,6522866
204 ; 4117781,06179589
131 ; 4123179,48525242
456 ; 4126601,00229974
288 ; 4128251,02132475
774 ; 4129388,6412127
306 ; 4130907,21378134
813 ; 4147461,86615724
104 ; 4150407,09838075
978 ; 4153559,25879985
526 ; 4160852,13080336
162 ; 4169523,52581955
239 ; 4172097,53057487
898 ; 4172622,10144766
415 ; 4178501,55530267
424 ; 4179072,66576479
337 ; 4180751,90367978
165 ; 4184610,83813686
298 ; 4196121,7238113
85 ; 4197486,88366919
797 ; 4208675,98093921
788 ; 4226494,60330179
965 ; 4248412,68797926
251 ; 4250686,91700192
183 ; 4263126,08355622
445 ; 4276912,20437622
577 ; 4280270,75249298
989 ; 4283062,64207093
62 ; 4283919,03967131
304 ; 4299198,06740677
779 ; 4302965,48157069
448 ; 4338751,70391332
417 ; 4340278,82158584
164 ; 4341174,51258899
635 ; 4342435,00275733
975 ; 4345675,75286059
279 ; 4355507,73834324
462 ; 4364417,43671053
738 ; 4377220,16617003
214 ; 4420061,49033296
867 ; 4441437,665735
350 ; 4441967,47892149
578 ; 4473303,62248597
545 ; 4489443,50174858
318 ; 4491639,02765818
338 ; 4497674,24652195
79 ; 4516967,94808203
859 ; 4517117,34306955
970 ; 4543188,11431191
168 ; 4543513,69325334
538 ; 4544314,63908906
218 ; 4549771,90793496
42 ; 4562949,75224446
791 ; 4568716,67123396
713 ; 4572658,64486875
794 ; 4576457,80696538
492 ; 4579819,87537574
618 ; 4581294,16611643
209 ; 4606075,40694785
443 ; 4608604,41036991
585 ; 4610110,28332084
132 ; 4628980,81598179
982 ; 4633619,04777797
50 ; 4643070,13941091
762 ; 4655268,26094373
748 ; 4665227,11749933
739 ; 4668490,00691439
642 ; 4671601,18746936
751 ; 4680587,55603884
579 ; 4690709,55800614
798 ; 4707773,64512184
938 ; 4720091,97931344
865 ; 4740410,41019786
230 ; 4747798,19664775
525 ; 4749212,35350231
170 ; 4761891,70333202
140 ; 4785133,89764745
377 ; 4794173,41553527
889 ; 4796346,79210519
509 ; 4804915,29475266
782 ; 4807561,93324991
814 ; 4820479,01918315
384 ; 4834643,74804032
742 ; 4840858,43395884
716 ; 4867498,79812
351 ; 4881839,98879177
894 ; 4895336,26270012
874 ; 4909770,70529139
688 ; 4915975,11755979
21 ; 4957502,86977601
646 ; 4996176,48420604
561 ; 5000150,82724901
887 ; 5017267,84272987
622 ; 5026401,50147724
957 ; 5030382,1728215
651 ; 5030579,11552289
873 ; 5038269,49936032
955 ; 5040478,45333153
273 ; 5042594,45988242
74 ; 5070482,822399
8 ; 5074815,2370723
647 ; 5086014,49568992
498 ; 5114262,70680171
322 ; 5116322,87731746
222 ; 5122003,34778828
675 ; 5136505,8030161
609 ; 5146469,55440829
34 ; 5148483,99646433
467 ; 5167650,83459319
26 ; 5174899,06366413
699 ; 5175336,43935523
756 ; 5177222,8667208
763 ; 5191035,10157692
747 ; 5193828,12236054
613 ; 5199674,96284143
320 ; 5241425,02460062
395 ; 5250757,7965729
560 ; 5254918,45745333
401 ; 5268782,77085544
141 ; 5269318,02269843
342 ; 5274311,9087595
289 ; 5287403,33067691
753 ; 5295923,70367089
749 ; 5300383,48724019
858 ; 5335077,65676215
942 ; 5335602,97705145
213 ; 5336859,22629265
172 ; 5337263,00217938
661 ; 5340505,14478952
63 ; 5356101,83067794
708 ; 5376053,347251
38 ; 5378023,81546317
246 ; 5423136,67899834
583 ; 5427656,11973721
300 ; 5487333,45784517
216 ; 5507097,53623509
9 ; 5510427,86234299
61 ; 5560391,63524203
605 ; 5574788,75623936
299 ; 5595882,96481049
680 ; 5597343,75411456
436 ; 5603627,57590073
761 ; 5613766,26285941
287 ; 5627812,30700972
496 ; 5631831,2984609
113 ; 5641708,25092148
685 ; 5665686,19314295
97 ; 5730180,91770811
827 ; 5780979,49477535
535 ; 5787354,74562258
670 ; 5800009,02792312
692 ; 5809579,26441522
430 ; 5823195,33134289
849 ; 5876119,64571275
768 ; 5880383,26569374
809 ; 5903410,68018726
653 ; 5907183,50738541
477 ; 5910537,93517921
757 ; 5932303,93703416
410 ; 5933178,74760742
402 ; 5938546,9233558
35 ; 5943034,84423655
364 ; 5954404,94871987
406 ; 5963879,59785634
143 ; 5978436,48436947
547 ; 5979876,77516609
582 ; 5998693,31065477
566 ; 6000484,45255118
348 ; 6018432,41810511
666 ; 6020777,37272125
70 ; 6026996,39952858
506 ; 6036413,04173953
201 ; 6048542,51707792
623 ; 6049122,23416596
842 ; 6054379,1086634
769 ; 6072342,11551836
909 ; 6078832,63666109
278 ; 6080064,39594874
612 ; 6092358,34840806
665 ; 6093416,42245143
686 ; 6115519,3975725
179 ; 6126424,2382554
347 ; 6163420,83783513
534 ; 6235127,68626226
993 ; 6273845,59469576
356 ; 6281723,47610469
434 ; 6283739,94353475
128 ; 6315778,63481124
838 ; 6327050,12083576
178 ; 6376418,68613296
305 ; 6411526,17431469
452 ; 6449390,82469405
808 ; 6467108,24835799
650 ; 6518521,99497132
267 ; 6527857,98034155
773 ; 6533770,70353432
144 ; 6570956,29855902
285 ; 6626196,18471162
744 ; 6685797,17137992
276 ; 6748985,4294722
502 ; 6795385,47456178
641 ; 6832514,16401589
645 ; 6879912,92771113
719 ; 6919898,31479592
72 ; 7017157,22171598
284 ; 7046021,7168944
474 ; 7092104,10670179
129 ; 7116694,47123128
369 ; 7172946,99057347
811 ; 7251500,75607991
958 ; 7304346,66996224
265 ; 7355600,05251377
438 ; 7381744,21170676
806 ; 7515109,40916079
473 ; 7531050,16887013
743 ; 7550611,89314167
290 ; 7584624,00791669
831 ; 7650998,74935676
619 ; 7925157,28437006
373 ; 7937200,63645196
902 ; 7944552,07977198
391 ; 8070757,6714343
735 ; 8157283,58392448
77 ; 8234405,28702368
352 ; 8325561,33270943
564 ; 8352125,24117499
39 ; 8368375,54540516
197 ; 8400146,16430785
177 ; 8483198,20291584
846 ; 8529032,19584898
853 ; 8627432,87077472
173 ; 8816849,71532534
375 ; 8852618,84059632
714 ; 9046365,00898592
157 ; 9066246,05511617
951 ; 9069472,70584063
505 ; 9122623,55671809
876 ; 9220047,34744303
656 ; 9251983,03998867
423 ; 9351308,40926747
850 ; 9421246,29075587
820 ; 9498784,2620455
399 ; 9886789,29458774
507 ; 9914303,22630295
354 ; 10763534,5826412
469 ; 10888314,9480429
223 ; 11496714,1633165
60 ; 12276103,622575
568 ; 12524120,9381104
98 ; 12585011,1487532
819 ; 14240540,5857283
112 ; 14250784,9706